13.683,0.4702,1
-0.8143,-0.7993,1
-43.592,-14.266,1
-39.704,-14.297,1
-27.703,-13.603,1
10.924,0.6387,1
-0.9962,-0.8721,1
-0.6645,-0.6041,1
-21.509,-12.414,1
37.565,17.056,1
-0.4836,-0.1774,1
-16.131,-17.539,1
0.5169,-0.2967,1
-31.436,-15.931,1
-10.444,-0.5573,1
0.1980,-0.1863,1
41.794,21.210,1
0.5975,0.9366,1
0.6269,0.7970,1
15.572,0.8656,1
20.793,14.539,1
-10.709,0.1679,1
0.7138,0.5956,1
-33.896,-0.3893,1
0.9492,0.2702,1
-22.644,-0.7790,1
-0.3241,-0.3775,1
0.4122,-0.1597,1
-16.912,-12.349,1
25.533,0.6840,1
-10.310,-11.143,1
-12.639,-0.6958,1
13.564,0.2039,1
26.372,19.410,1
0.3549,0.4289,1
-21.053,-19.137,1
20.837,15.012,1
-15.085,-0.9225,1
-40.507,-25.528,1
-19.876,-0.5649,1
30.835,19.558,1
41.193,19.043,1
0.4312,0.3960,1
0.1849,-0.3420,1
-35.603,-15.919,1
-35.931,-15.789,1
15.000,0.5158,1
-0.4994,0.1740,1
-15.610,-10.706,1
-10.445,-0.6137,1
-0.9455,-0.6376,1
-0.2482,0.1132,1
-21.857,-0.2657,1
0.4181,11.135,1
0.5566,13.384,1
16.505,0.1723,1
-10.046,-0.8121,1
31.777,23.736,1
-0.6629,-0.0840,1
10.736,0.1651,1
-0.9148,0.3493,1
34.147,0.6328,1
-0.9535,-0.6496,1
18.563,0.2949,1
-0.7128,0.2865,1
18.898,18.340,1
21.823,13.183,1
-0.3195,0.6529,1
-0.6680,0.5397,1
-11.241,-0.1108,1
-0.3816,-0.4301,1
-0.8651,0.1106,1
-37.606,-14.244,1
-0.5428,-0.8207,1
0.5828,-0.0465,1
-15.055,0.1481,1
-12.880,-11.545,1
-12.137,-0.3452,1
-0.0799,-0.4350,1
-16.369,-0.4007,1
-24.898,-15.766,1
30.865,0.6498,1
-11.148,-0.3570,1
10.833,-0.0064,1
-23.438,-0.3064,1
39.528,19.544,1
0.0185,-0.1719,1
23.298,0.8076,1
15.425,-0.3971,1
-0.0166,-0.0126,1
0.6296,14.180,1
-12.441,-0.3666,1
0.2261,-0.4435,1
17.117,0.9038,1
-10.710,-0.0713,1
-11.397,-11.812,1
-0.4097,0.1034,1
15.209,13.987,1
-19.702,-0.7172,1
-21.021,-10.517,1
-0.5818,-0.7816,1
-0.5297,-0.1882,1
13.803,0.0541,1
21.548,0.7409,1
0.5354,47.766,2
-0.6479,43.141,2
-0.1631,34.862,2
-0.3896,38.990,2
-0.3866,44.305,2
-0.1418,47.791,2
0.0717,39.352,2
0.1180,35.911,2
-0.4222,41.443,2
0.1704,34.343,2
0.2575,44.407,2
-0.0701,35.279,2
-0.1136,36.892,2
-0.6046,30.045,2
0.1552,35.240,2
0.8231,41.290,2
0.3746,45.991,2
-0.0575,45.545,2
0.2882,31.937,2
0.0925,38.217,2
0.2864,39.957,2
0.0616,39.927,2
0.0048,41.085,2
0.7949,40.901,2
0.0616,37.397,2
0.3192,38.802,2
0.3890,36.535,2
0.6635,36.575,2
-0.0778,44.663,2
0.3142,33.957,2
0.0328,38.196,2
-0.2415,34.088,2
-0.0511,43.223,2
0.3022,34.556,2
-0.3736,31.508,2
0.7916,33.548,2
0.9419,42.728,2
-0.3645,50.677,2
-0.1735,37.116,2
0.2308,44.126,2
0.2014,48.066,2
0.6925,46.080,2
-0.0357,48.070,2
0.7971,37.000,2
-0.4175,45.200,2
0.0402,38.778,2
0.1617,32.575,2
-0.4834,38.219,2
0.0296,41.773,2
-0.1326,49.175,2
0.4288,44.488,2
0.2728,41.262,2
0.9269,44.920,2
0.4980,37.427,2
0.0514,33.447,2
-0.9592,36.563,2
-0.0655,34.073,2
-0.3843,44.912,2
11.950,39.323,2
0.0386,34.050,2
0.1878,38.963,2
0.1978,35.772,2
-0.0562,38.429,2
-0.9145,47.121,2
10.457,47.457,2
0.1795,36.280,2
-0.3972,38.128,2
-0.1137,42.121,2
0.7969,40.571,2
0.0776,37.445,2
0.0893,45.112,2
-0.1689,32.904,2
-0.7625,52.733,2
-0.3547,38.210,2
-0.4333,42.007,2
0.0357,36.469,2
0.0778,34.897,2
-0.0911,45.670,2
0.3655,40.193,2
-0.1738,41.155,2
0.1172,40.629,2
-0.4339,43.481,2
-0.4913,48.697,2
-0.1468,43.327,2
0.4122,43.438,2
0.0971,46.195,2
0.1488,44.493,2
-0.3551,34.250,2
-0.3438,38.679,2
0.2864,31.874,2
0.2226,42.908,2
-0.6630,49.512,2
-0.7499,47.900,2
0.5080,44.605,2
-0.0138,35.310,2
-0.0802,36.314,2
0.1894,40.899,2
-0.0536,39.341,2
0.1064,44.340,2
0.2340,46.572,2
-0.8080,38.744,2
0.0074,39.641,2
-0.0189,45.476,2
0.2019,42.446,2
0.1526,31.599,2
-35.931,-15.789,1